F1 Score: 0.2073375602883
Recall: 0.5001307189542483
FNR: 0.4998692810457516
precission: 0.13077659283565765
Specificty: 0.7176389598276742
