F1 Score: 0.16407083422231705
Recall: 0.6215397049909073
FNR: 0.37846029500909273
precission: 0.0945094786001782
