F1 Score: 0.21056625248980365
Recall: 0.5803921568627451
FNR: 0.4196078431372549
precission: 0.1286136376803198
Specificty: 0.6659856543270192
