F1 Score: 0.19567896163640847
Recall: 0.6227450980392157
FNR: 0.3772549019607843
precission: 0.1160762146094245
Specificty: 0.5971886034065421
